# z_A  Li  La  Zr  O  Li_metal_tracked
0.57210740 0.11544081 0.00000000 0.00000000 0.00000000 0.00000000
1.71632219 0.00000000 0.00000000 0.00000000 0.00000000 0.00000000
2.86053698 0.11558493 0.00000000 0.00000000 0.00000000 0.00000000
4.00475177 0.00000000 0.00000000 0.00000000 0.00000000 0.00000000
5.14896656 0.11558493 0.00000000 0.00000000 0.00000000 0.00000000
6.29318136 0.00000000 0.00000000 0.00000000 0.00000000 0.00000000
7.43739615 0.11558493 0.00000000 0.00000000 0.00000000 0.00000000
8.58161094 0.00000000 0.00000000 0.00000000 0.00000000 0.00000000
9.72582573 0.10284825 0.00000000 0.00000000 0.00000000 0.00000000
10.87004052 0.01273668 0.00000000 0.00000000 0.00000000 0.00000000
12.01425532 0.04918125 0.00000000 0.00000000 0.00000000 0.00000000
13.15847011 0.06640369 0.00000000 0.00000000 0.00000000 0.00000000
14.30268490 0.00163937 0.00000000 0.00000000 0.00000000 0.00000000
15.44689969 0.11394556 0.00000000 0.00000000 0.00000000 0.00000000
16.59111449 0.00000000 0.00000000 0.00000000 0.00000000 0.00000000
17.73532928 0.11558493 0.00000000 0.00000000 0.00000000 0.00000000
18.87954407 0.00000000 0.00000000 0.00000000 0.00000000 0.00000000
20.02375886 0.11558493 0.00000000 0.00000000 0.00000000 0.00000000
21.16797365 0.00000000 0.00000000 0.00000000 0.00000000 0.00000000
22.31218845 0.11558493 0.00000000 0.00000000 0.00000000 0.00000000
23.45640324 0.00000000 0.00000000 0.00000000 0.00000000 0.00000000
24.60061803 0.06471027 0.00000000 0.00000000 0.00000000 0.00000000
25.74483282 0.05087467 0.00000000 0.00000000 0.00000000 0.00000000
26.88904761 0.05427952 0.00000000 0.00000000 0.00000000 0.00000000
28.03326241 0.06130541 0.00000000 0.00000000 0.00000000 0.00000000
29.17747720 0.00064854 0.00000000 0.00000000 0.00000000 0.00000000
30.32169199 0.11493639 0.00000000 0.00000000 0.00000000 0.00000000
31.46590678 0.00000000 0.00000000 0.00000000 0.00000000 0.00000000
32.61012157 0.11558493 0.00000000 0.00000000 0.00000000 0.00000000
33.75433637 0.00000000 0.00000000 0.00000000 0.00000000 0.00000000
34.89855116 0.11558493 0.00000000 0.00000000 0.00000000 0.00000000
36.04276595 0.00000000 0.00000000 0.00000000 0.00000000 0.00000000
37.18698074 0.10097468 0.00000000 0.00000000 0.00000000 0.00000000
38.33119554 0.01461025 0.00000000 0.00000000 0.00000000 0.00000000
39.47541033 0.05793659 0.00000000 0.00000000 0.00000000 0.00000000
40.61962512 0.05764835 0.00000000 0.00000000 0.00000000 0.00000000
41.76383991 0.03399451 0.00000000 0.00000000 0.00000000 0.00000000
42.90805470 0.08159042 0.00000000 0.00000000 0.00000000 0.00000000
44.05226950 0.00043236 0.00000000 0.00000000 0.00000000 0.00000000
45.19648429 0.11515257 0.00000000 0.00000000 0.00000000 0.00000000
46.34069908 0.00000000 0.00000000 0.00000000 0.00000000 0.00000000
47.48491387 0.10646929 0.00000000 0.00000000 0.00000000 0.00000000
48.62912866 0.00911564 0.00000000 0.00000000 0.00000000 0.00000000
49.77334346 0.00000000 0.00000000 0.00000000 0.00000000 0.00000000
50.91755825 0.00000000 0.00000000 0.00000000 0.00000000 0.00000000
52.06177304 0.00000000 0.00000000 0.00000000 0.00000000 0.00000000
53.20598783 0.00000000 0.00000000 0.00000000 0.00000000 0.00000000
54.35020262 0.00000000 0.00000000 0.00000000 0.00000000 0.00000000
55.49441742 0.00000000 0.00000000 0.00000000 0.00000000 0.00000000
56.63863221 0.00000000 0.00000000 0.00000000 0.00000000 0.00000000
57.78284700 0.00000000 0.00000000 0.00000000 0.00000000 0.00000000
58.92706179 0.00000000 0.00000000 0.00000000 0.00000000 0.00000000
60.07127659 0.00000000 0.00000000 0.00000000 0.00000000 0.00000000
61.21549138 0.00000000 0.00000000 0.00000000 0.00000000 0.00000000
62.35970617 0.00000000 0.00000000 0.00000000 0.00000000 0.00000000
63.50392096 0.00000000 0.00000000 0.00000000 0.00000000 0.00000000
64.64813575 0.00000000 0.00000000 0.00000000 0.00000000 0.00000000
65.79235055 0.00000000 0.00000000 0.00000000 0.00000000 0.00000000
66.93656534 0.00000000 0.00000000 0.00000000 0.00000000 0.00000000
68.08078013 0.00000000 0.00000000 0.00000000 0.00000000 0.00000000
69.22499492 0.00000000 0.00000000 0.00000000 0.00000000 0.00000000
70.36920971 0.00000000 0.00000000 0.00000000 0.00000000 0.00000000
71.51342451 0.00000000 0.00000000 0.00000000 0.00000000 0.00000000
72.65763930 0.00466591 0.00722406 0.00000000 0.00580086 0.00000000
73.80185409 0.03145438 0.01444812 0.00000000 0.05037024 0.00000000
74.94606888 0.02160011 0.00000000 0.02889623 0.05137909 0.00000000
76.09028367 0.01452018 0.01444812 0.00000000 0.04022774 0.00000000
77.23449847 0.03612029 0.01444812 0.00000000 0.03995751 0.00000000
78.37871326 0.02082546 0.01444812 0.00000000 0.05620714 0.00000000
79.52292805 0.00807077 0.00000000 0.02889623 0.03033744 0.00000000
80.66714284 0.03109408 0.01444812 0.00000000 0.04561425 0.00000000
81.81135764 0.04114651 0.01444812 0.00000000 0.03748944 0.00000000
82.95557243 0.02581565 0.01444812 0.00000000 0.06094511 0.00000000
84.09978722 0.00308058 0.00000000 0.02889623 0.02954478 0.00000000
85.24400201 0.02169019 0.01444812 0.00000000 0.04970368 0.00000000
86.38821680 0.04327229 0.01444812 0.00000000 0.03768761 0.00000000
87.53243160 0.02172622 0.01444812 0.00000000 0.05669355 0.00000000
88.67664639 0.00727810 0.00000000 0.02889623 0.02931058 0.00000000
89.82086118 0.03064370 0.01444812 0.00000000 0.04934338 0.00000000
90.96507597 0.03476916 0.01444812 0.00000000 0.03907477 0.00000000
92.10929076 0.02907638 0.01444812 0.00000000 0.05606302 0.00000000
93.25350556 0.01381759 0.00000000 0.02889623 0.02891425 0.00000000
94.39772035 0.02167218 0.01444812 0.00000000 0.05451372 0.00000000
95.54193514 0.04289397 0.01444812 0.00000000 0.03431878 0.00000000
96.68614993 0.02212255 0.01444812 0.00000000 0.05316258 0.00000000
97.83036472 0.02178027 0.00000000 0.02889623 0.03141835 0.00000000
98.97457952 0.01232233 0.01444812 0.00000000 0.06404371 0.00000000
100.11879431 0.01646581 0.01444812 0.00000000 0.00814283 0.00000000
101.26300910 0.03040950 0.00390928 0.00000000 0.03793982 0.00000000
102.40722389 0.02015891 0.01053884 0.02637412 0.05597294 0.00000000
103.55143869 0.01444812 0.00727810 0.00252212 0.04399289 0.00000000
104.69565348 0.03541770 0.01378156 0.00000000 0.03547175 0.00000000
105.83986827 0.01650184 0.02042913 0.00000000 0.02920249 0.00000000
106.98408306 0.01999677 0.00185556 0.02520314 0.05736010 0.00000000
108.12829785 0.02869807 0.01212417 0.00369310 0.05390120 0.00000000
109.27251265 0.02887822 0.01498857 0.00000000 0.03291360 0.00000000
110.41672744 0.02147401 0.01178188 0.00000000 0.03646258 0.00000000
111.56094223 0.02241079 0.00444973 0.02480680 0.04999192 0.00000000
112.70515702 0.02141996 0.01390766 0.00408943 0.05800865 0.00000000
113.84937181 0.02916646 0.01455621 0.00000000 0.02891425 0.00000000
114.99358661 0.02599580 0.01432201 0.00000000 0.03523755 0.00000000
116.13780140 0.01733053 0.00055847 0.02813960 0.05152321 0.00000000
117.28201619 0.02871608 0.01444812 0.00075663 0.05770239 0.00000000
118.42623098 0.02446452 0.01432201 0.00000000 0.02891425 0.00000000
119.57044577 0.03747142 0.01405178 0.00000000 0.04094834 0.00000000
120.71466057 0.01052082 0.00052244 0.02873410 0.05474791 0.00000000
121.85887536 0.02758113 0.01397972 0.00016214 0.04880293 0.00000000
123.00309015 0.02341964 0.01470033 0.00000000 0.03006722 0.00000000
124.14730494 0.03240918 0.01394369 0.00000000 0.04359656 0.00000000
125.29151973 0.01367347 0.00072060 0.02140195 0.05002796 0.00000000
126.43573453 0.02322147 0.01435804 0.00749428 0.04710951 0.00000000
127.57994932 0.02630206 0.00538652 0.00000000 0.03145438 0.00000000
128.72416411 0.01963647 0.00915167 0.00000000 0.02799548 0.00000000
129.86837890 0.01812320 0.01444812 0.00010809 0.04912720 0.00000000
131.01259370 0.02102363 0.00000000 0.02878814 0.03597617 0.00000000
132.15680849 0.02156408 0.01444812 0.00000000 0.05566668 0.00000000
133.30102328 0.03671479 0.01446613 0.00000000 0.03267941 0.00000000
134.44523807 0.02496894 0.01443010 0.00000000 0.04482159 0.00000000
135.58945286 0.01109731 0.00000000 0.02889623 0.03592213 0.00000000
136.73366766 0.03181468 0.01444812 0.00000000 0.05681965 0.00000000
137.87788245 0.03242719 0.01444812 0.00000000 0.03639052 0.00000000
139.02209724 0.02801349 0.01444812 0.00000000 0.04435320 0.00000000
140.16631203 0.00902557 0.00000000 0.02889623 0.03574197 0.00000000
141.31052682 0.03051759 0.01444812 0.00000000 0.05826086 0.00000000
142.45474162 0.03172461 0.01444812 0.00000000 0.03491328 0.00000000
143.59895641 0.02693259 0.01444812 0.00000000 0.04415503 0.00000000
144.74317120 0.01071899 0.00000000 0.02889623 0.03538167 0.00000000
145.88738599 0.03109408 0.01444812 0.00000000 0.05925169 0.00000000
147.03160078 0.03174262 0.01444812 0.00000000 0.03446290 0.00000000
148.17581558 0.02783334 0.01444812 0.00000000 0.04498372 0.00000000
149.32003037 0.01208814 0.00000000 0.02889623 0.03266139 0.00000000
150.46424516 0.02835578 0.01448415 0.00000000 0.06155762 0.00000000
151.60845995 0.03221101 0.01443010 0.00000000 0.03028340 0.00000000
152.75267475 0.02624801 0.01443010 0.00000000 0.04806431 0.00000000
153.89688954 0.01075502 0.00007206 0.02889623 0.03273345 0.00000000
155.04110433 0.03617434 0.01439407 0.00000000 0.06290876 0.00671964
156.18531912 0.05386517 0.00720604 0.00000000 0.00515232 0.01273668
157.32953391 0.03965125 0.00000000 0.00000000 0.00000000 0.01570917
158.47374871 0.04172299 0.00000000 0.00000000 0.00000000 0.03977736
159.61796350 0.07605979 0.00000000 0.00000000 0.00000000 0.07193433
160.76217829 0.02129386 0.00000000 0.00000000 0.00000000 0.02129386
161.90639308 0.09675915 0.00000000 0.00000000 0.00000000 0.09675915
163.05060787 0.00623323 0.00000000 0.00000000 0.00000000 0.00623323
164.19482267 0.10953186 0.00000000 0.00000000 0.00000000 0.10953186
165.33903746 0.00275631 0.00000000 0.00000000 0.00000000 0.00275631
166.48325225 0.11221611 0.00000000 0.00000000 0.00000000 0.11221611
167.62746704 0.00286440 0.00000000 0.00000000 0.00000000 0.00286440
168.77168183 0.10915354 0.00000000 0.00000000 0.00000000 0.10915354
169.91589663 0.00635933 0.00000000 0.00000000 0.00000000 0.00635933
171.06011142 0.10097468 0.00000000 0.00000000 0.00000000 0.10097468
172.20432621 0.01461025 0.00000000 0.00000000 0.00000000 0.01461025
173.34854100 0.08544566 0.00000000 0.00000000 0.00000000 0.08544566
174.49275580 0.03013928 0.00000000 0.00000000 0.00000000 0.03013928
175.63697059 0.06424188 0.00000000 0.00000000 0.00000000 0.06424188
176.78118538 0.05134306 0.00000000 0.00000000 0.00000000 0.05134306
177.92540017 0.04035384 0.00000000 0.00000000 0.00000000 0.04035384
179.06961496 0.07523109 0.00000000 0.00000000 0.00000000 0.07523109
180.21382976 0.02053722 0.00000000 0.00000000 0.00000000 0.02053722
181.35804455 0.09504771 0.00000000 0.00000000 0.00000000 0.09504771
182.50225934 0.00735016 0.00000000 0.00000000 0.00000000 0.00735016
183.64647413 0.10823477 0.00000000 0.00000000 0.00000000 0.10823477
184.79068892 0.00120701 0.00000000 0.00000000 0.00000000 0.00120701
185.93490372 0.11437792 0.00000000 0.00000000 0.00000000 0.11437792
187.07911851 0.00000000 0.00000000 0.00000000 0.00000000 0.00000000
188.22333330 0.11558493 0.00000000 0.00000000 0.00000000 0.11558493
189.36754809 0.00000000 0.00000000 0.00000000 0.00000000 0.00000000
190.51176288 0.11558493 0.00000000 0.00000000 0.00000000 0.11558493
191.65597768 0.00000000 0.00000000 0.00000000 0.00000000 0.00000000
192.80019247 0.11558493 0.00000000 0.00000000 0.00000000 0.11558493
193.94440726 0.00000000 0.00000000 0.00000000 0.00000000 0.00000000
195.08862205 0.11558493 0.00000000 0.00000000 0.00000000 0.11558493
196.23283685 0.00000000 0.00000000 0.00000000 0.00000000 0.00000000
197.37705164 0.11558493 0.00000000 0.00000000 0.00000000 0.11558493
198.52126643 0.00000000 0.00000000 0.00000000 0.00000000 0.00000000
199.66548122 0.11201794 0.00000000 0.00000000 0.00000000 0.11201794
200.80969601 0.00356699 0.00000000 0.00000000 0.00000000 0.00356699
201.95391081 0.05377510 0.00000000 0.00000000 0.00000000 0.05377510
203.09812560 0.06180984 0.00000000 0.00000000 0.00000000 0.06180984
204.24234039 0.00174747 0.00000000 0.00000000 0.00000000 0.00174747
205.38655518 0.11383747 0.00000000 0.00000000 0.00000000 0.11383747
206.53076997 0.00000000 0.00000000 0.00000000 0.00000000 0.00000000
207.67498477 0.11558493 0.00000000 0.00000000 0.00000000 0.11558493
208.81919956 0.00000000 0.00000000 0.00000000 0.00000000 0.00000000
209.96341435 0.11558493 0.00000000 0.00000000 0.00000000 0.11558493
211.10762914 0.00000000 0.00000000 0.00000000 0.00000000 0.00000000
212.25184393 0.11558493 0.00000000 0.00000000 0.00000000 0.11558493
213.39605873 0.00000000 0.00000000 0.00000000 0.00000000 0.00000000
214.54027352 0.11558493 0.00000000 0.00000000 0.00000000 0.11558493
215.68448831 0.00000000 0.00000000 0.00000000 0.00000000 0.00000000
216.82870310 0.11558493 0.00000000 0.00000000 0.00000000 0.11558493
217.97291790 0.00000000 0.00000000 0.00000000 0.00000000 0.00000000
219.11713269 0.11435991 0.00000000 0.00000000 0.00000000 0.11435991
220.26134748 0.00122503 0.00000000 0.00000000 0.00000000 0.00122503
221.40556227 0.06962839 0.00000000 0.00000000 0.00000000 0.06962839
222.54977706 0.04595654 0.00000000 0.00000000 0.00000000 0.04595654
223.69399186 0.04592051 0.00000000 0.00000000 0.00000000 0.04592051
224.83820665 0.06966442 0.00000000 0.00000000 0.00000000 0.06966442
225.98242144 0.00911564 0.00000000 0.00000000 0.00000000 0.00911564
227.12663623 0.10646929 0.00000000 0.00000000 0.00000000 0.10646929
228.27085102 0.00014412 0.00000000 0.00000000 0.00000000 0.00000000
